 0.26316E-01  0.26316E-01   3.0269       4.6618      0.41079       67.000       57.000    
 0.26316E-01  0.78947E-01   2.9806       6.9729      0.70995       83.000       69.000    
 0.26316E-01  0.13158       3.0331       4.6615      0.36932       72.000       59.000    
 0.26316E-01  0.18421       3.0069       4.6789      0.36156       79.000       56.000    
 0.26316E-01  0.23684       3.0301       4.6787      0.34119       81.000       78.000    
 0.26316E-01  0.28947       2.9656       7.1903      0.70409       94.000       58.000    
 0.26316E-01  0.34211       3.0346       7.1436      0.72030       86.000       64.000    
 0.26316E-01  0.39474       3.0078       4.6785      0.36896       77.000       76.000    
 0.26316E-01  0.44737       2.9977       7.1342      0.73467       84.000       77.000    
 0.26316E-01  0.50000       2.9967       4.6628      0.38534       75.000       66.000    
 0.26316E-01  0.55263       3.0113       4.6635      0.39925       68.000       76.000    
 0.26316E-01  0.60526       3.0142       4.6623      0.35776       76.000       77.000    
 0.26316E-01  0.65789       3.0032       4.6618      0.37803       73.000       76.000    
 0.26316E-01  0.71053       2.9995       6.0161      0.61698       82.000       71.000    
 0.26316E-01  0.76316       3.0064       4.6617      0.34707       78.000       56.000    
 0.26316E-01  0.81579       3.0393       4.6618      0.36801       76.000       56.000    
 0.26316E-01  0.86842       2.9955       5.9354      0.59228       85.000       66.000    
 0.26316E-01  0.92105       3.0006       7.0275      0.72854       85.000       68.000    
 0.26316E-01  0.97368       3.0138       4.6903      0.36262       77.000       48.000    
 0.26316E-01   1.0263       2.9774       4.6779      0.38226       76.000       51.000    
                                                                              
 0.78947E-01  0.26316E-01   3.0371       7.0597      0.72666       88.000       59.000    
 0.78947E-01  0.78947E-01   3.0058       7.0248      0.72433       89.000       78.000    
 0.78947E-01  0.13158       3.0129       6.3021      0.67334       83.000       83.000    
 0.78947E-01  0.18421       2.9770       4.6660      0.33689       77.000       72.000    
 0.78947E-01  0.23684       3.0225       4.6618      0.38616       76.000       78.000    
 0.78947E-01  0.28947       2.9763       6.9081      0.71769       88.000       73.000    
 0.78947E-01  0.34211       3.0437       4.6613      0.39652       71.000       69.000    
 0.78947E-01  0.39474       2.9970       6.8909      0.74283       82.000       74.000    
 0.78947E-01  0.44737       2.9873       7.0925      0.75317       86.000       86.000    
 0.78947E-01  0.50000       3.0228       4.6624      0.34907       76.000       80.000    
 0.78947E-01  0.55263       2.9599       6.9346      0.74940       83.000       84.000    
 0.78947E-01  0.60526       3.0129       7.1126      0.72966       86.000       75.000    
 0.78947E-01  0.65789       3.0108       4.6623      0.34128       78.000       68.000    
 0.78947E-01  0.71053       3.0166       4.6560      0.31753       84.000       78.000    
 0.78947E-01  0.76316       2.9710       4.6644      0.36016       80.000       83.000    
 0.78947E-01  0.81579       3.0236       7.0572      0.72710       90.000       71.000    
 0.78947E-01  0.86842       3.0185       7.3370      0.73540       96.000       72.000    
 0.78947E-01  0.92105       2.9972       4.6786      0.36128       74.000       68.000    
 0.78947E-01  0.97368       2.9700       6.2906      0.68410       80.000       64.000    
 0.78947E-01   1.0263       3.0430       7.0552      0.70931       89.000       62.000    
                                                                              
 0.13158      0.26316E-01   2.9970       7.0232      0.75971       83.000       68.000    
 0.13158      0.78947E-01   3.0189       4.6610      0.42304       65.000       61.000    
 0.13158      0.13158       3.0044       4.6617      0.43651       64.000       62.000    
 0.13158      0.18421       3.0087       4.6807      0.43807       68.000       82.000    
 0.13158      0.23684       2.9932       4.6619      0.36823       80.000       59.000    
 0.13158      0.28947       3.0030       6.8729      0.68930       88.000       76.000    
 0.13158      0.34211       3.0155       4.6787      0.38836       72.000       88.000    
 0.13158      0.39474       3.0029       4.6782      0.43223       64.000       76.000    
 0.13158      0.44737       3.0188       4.6790      0.36961       72.000       79.000    
 0.13158      0.50000       2.9811       7.0176      0.67667       91.000       72.000    
 0.13158      0.55263       2.9847       4.6609      0.38068       79.000       85.000    
 0.13158      0.60526       3.0035       4.6615      0.35624       83.000       80.000    
 0.13158      0.65789       3.0320       6.9569      0.70334       92.000       95.000    
 0.13158      0.71053       3.0293       4.6971      0.35072       72.000       80.000    
 0.13158      0.76316       2.9885       6.9389      0.74046       86.000       79.000    
 0.13158      0.81579       3.0365       4.6626      0.36748       72.000       80.000    
 0.13158      0.86842       2.9818       4.6613      0.35676       74.000       79.000    
 0.13158      0.92105       3.0165       4.6622      0.45965       60.000       64.000    
 0.13158      0.97368       2.9795       7.1317      0.76225       86.000       72.000    
 0.13158       1.0263       3.0232       4.6623      0.34573       77.000       75.000    
                                                                              
 0.18421      0.26316E-01   3.0380       4.6953      0.38478       77.000       70.000    
 0.18421      0.78947E-01   3.0217       4.6602      0.38565       71.000       76.000    
 0.18421      0.13158       2.9862       6.9928      0.73873       86.000       93.000    
 0.18421      0.18421       3.0198       4.6784      0.34966       81.000       76.000    
 0.18421      0.23684       2.9676       4.6789      0.36249       72.000       82.000    
 0.18421      0.28947       3.0164       4.6852      0.38903       74.000       83.000    
 0.18421      0.34211       3.0203       7.1860      0.70908       91.000       84.000    
 0.18421      0.39474       2.9793       7.0275      0.71445       91.000       88.000    
 0.18421      0.44737       3.0137       4.6787      0.33644       79.000       77.000    
 0.18421      0.50000       3.0331       4.7124      0.46099       63.000       78.000    
 0.18421      0.55263       3.0438       9.3278      0.93617       100.00       92.000    
 0.18421      0.60526       3.0212       6.9407      0.74279       81.000       78.000    
 0.18421      0.65789       3.0170       4.6952      0.37050       77.000       81.000    
 0.18421      0.71053       3.0245       6.2743      0.66195       81.000       82.000    
 0.18421      0.76316       2.9938       4.6783      0.34565       79.000       73.000    
 0.18421      0.81579       3.0274       4.6613      0.33600       84.000       78.000    
 0.18421      0.86842       2.9981       4.6623      0.41790       68.000       77.000    
 0.18421      0.92105       2.9891       4.6617      0.37738       71.000       75.000    
 0.18421      0.97368       2.9834       7.1211      0.73409       92.000       80.000    
 0.18421       1.0263       2.9860       7.1218      0.73004       89.000       63.000    
                                                                              
 0.23684      0.26316E-01   3.0381       4.6626      0.35363       78.000       75.000    
 0.23684      0.78947E-01   2.9888       7.1026      0.69554       93.000       75.000    
 0.23684      0.13158       3.0108       4.6787      0.32824       82.000       68.000    
 0.23684      0.18421       3.0064       4.6607      0.29969       88.000       65.000    
 0.23684      0.23684       2.9757       4.6785      0.44033       66.000       73.000    
 0.23684      0.28947       2.9804       4.6618      0.37034       74.000       86.000    
 0.23684      0.34211       3.0518       4.6645      0.31933       86.000       82.000    
 0.23684      0.39474       2.9867       4.6785      0.35233       86.000       96.000    
 0.23684      0.44737       3.0213       4.6959      0.34694       79.000       97.000    
 0.23684      0.50000       3.0268       7.0222      0.75323       84.000       86.000    
 0.23684      0.55263       3.0152       7.0772      0.74945       88.000       98.000    
 0.23684      0.60526       3.0125       4.7013      0.41390       67.000       72.000    
 0.23684      0.65789       3.0201       7.2082      0.75043       92.000       90.000    
 0.23684      0.71053       3.0273       4.6618      0.35108       84.000       82.000    
 0.23684      0.76316       3.0247       7.1970      0.73152       88.000       69.000    
 0.23684      0.81579       3.0216       4.6619      0.40232       69.000       76.000    
 0.23684      0.86842       2.9936       4.6769      0.39615       71.000       74.000    
 0.23684      0.92105       2.9929       4.6950      0.36228       82.000       75.000    
 0.23684      0.97368       3.0404       4.6619      0.37611       81.000       83.000    
 0.23684       1.0263       3.0588       7.1935      0.81174       82.000       57.000    
                                                                              
 0.28947      0.26316E-01   2.9962       4.6783      0.36927       74.000       56.000    
 0.28947      0.78947E-01   3.0189       4.6940      0.40899       72.000       67.000    
 0.28947      0.13158       2.9869       4.6619      0.40269       68.000       92.000    
 0.28947      0.18421       2.9903       9.3141      0.92733       98.000       84.000    
 0.28947      0.23684       3.0034       7.0236      0.71671       91.000       99.000    
 0.28947      0.28947       2.9920       4.6621      0.31972       86.000       91.000    
 0.28947      0.34211       3.0378       4.6627      0.37842       71.000       86.000    
 0.28947      0.39474       3.0055       7.0934      0.72734       84.000       85.000    
 0.28947      0.44737       2.9928       7.1452      0.74323       89.000       93.000    
 0.28947      0.50000       2.9965       4.6780      0.39005       71.000       93.000    
 0.28947      0.55263       3.0194       4.6976      0.36195       79.000       92.000    
 0.28947      0.60526       3.0211       4.6626      0.40047       71.000       99.000    
 0.28947      0.65789       3.0099       7.0558      0.75546       87.000       78.000    
 0.28947      0.71053       3.0641       4.7105      0.36213       78.000       91.000    
 0.28947      0.76316       3.0596       9.3214      0.95652       99.000       82.000    
 0.28947      0.81579       3.0497       4.6771      0.33729       82.000       77.000    
 0.28947      0.86842       3.0224       7.2335      0.74717       93.000       82.000    
 0.28947      0.92105       2.9801       4.6787      0.36844       77.000       77.000    
 0.28947      0.97368       2.9973       4.6622      0.34403       75.000       63.000    
 0.28947       1.0263       3.0285       4.6617      0.34994       82.000       72.000    
                                                                              
 0.34211      0.26316E-01   2.9925       4.6611      0.36095       73.000       66.000    
 0.34211      0.78947E-01   3.0184       6.9923      0.71774       85.000       80.000    
 0.34211      0.13158       3.0064       6.9626      0.73319       80.000       79.000    
 0.34211      0.18421       3.0189       4.6615      0.40403       69.000       78.000    
 0.34211      0.23684       2.9990       4.7173      0.39329       71.000       76.000    
 0.34211      0.28947       3.0629       7.0251      0.75055       84.000       89.000    
 0.34211      0.34211       3.0635       4.6619      0.37235       72.000       62.000    
 0.34211      0.39474       3.0365       4.6783      0.33920       84.000       97.000    
 0.34211      0.44737       3.0080       4.6619      0.42140       67.000       85.000    
 0.34211      0.50000       3.0533       9.3303      0.95663       95.000       81.000    
 0.34211      0.55263       3.0081       6.9934      0.70631       87.000       98.000    
 0.34211      0.60526       3.0348       4.6635      0.34111       75.000       104.00    
 0.34211      0.65789       3.0085       7.0058      0.75393       83.000       89.000    
 0.34211      0.71053       3.0237       9.3134      0.96913       94.000       90.000    
 0.34211      0.76316       3.0351       4.6614      0.35619       74.000       82.000    
 0.34211      0.81579       3.0399       4.6622      0.35992       76.000       94.000    
 0.34211      0.86842       3.0192       4.6899      0.40160       69.000       72.000    
 0.34211      0.92105       3.0277       4.6785      0.34915       79.000       69.000    
 0.34211      0.97368       3.0222       4.6769      0.34190       83.000       84.000    
 0.34211       1.0263       3.0204       7.0407      0.71456       88.000       73.000    
                                                                              
 0.39474      0.26316E-01   3.0374       7.1409      0.77211       82.000       69.000    
 0.39474      0.78947E-01   2.9840       7.1277      0.72462       83.000       73.000    
 0.39474      0.13158       3.0135       4.6787      0.36139       73.000       75.000    
 0.39474      0.18421       3.0077       6.9050      0.71236       83.000       81.000    
 0.39474      0.23684       3.0095       9.3105      0.96406       92.000       101.00    
 0.39474      0.28947       3.0004       4.6962      0.39735       72.000       75.000    
 0.39474      0.34211       2.9844       6.7703      0.70010       81.000       97.000    
 0.39474      0.39474       3.0151       7.1236      0.71509       88.000       93.000    
 0.39474      0.44737       3.0315       7.0705      0.70014       89.000       103.00    
 0.39474      0.50000       3.0376       6.3034      0.64810       85.000       106.00    
 0.39474      0.55263       2.9922       4.6616      0.34135       80.000       94.000    
 0.39474      0.60526       3.0289       4.6624      0.36797       69.000       84.000    
 0.39474      0.65789       3.0122       9.3595      0.92220       106.00       95.000    
 0.39474      0.71053       3.0063       4.6617      0.37923       75.000       101.00    
 0.39474      0.76316       2.9958       4.6628      0.38202       70.000       89.000    
 0.39474      0.81579       3.0300       7.1819      0.79246       86.000       91.000    
 0.39474      0.86842       3.0273       4.6602      0.35103       76.000       96.000    
 0.39474      0.92105       3.0192       4.6611      0.37487       73.000       79.000    
 0.39474      0.97368       3.0009       4.6619      0.40411       71.000       69.000    
 0.39474       1.0263       3.0193       4.6616      0.36743       79.000       59.000    
                                                                              
 0.44737      0.26316E-01   3.0057       4.6611      0.35065       79.000       76.000    
 0.44737      0.78947E-01   2.9723       4.6623      0.31499       82.000       69.000    
 0.44737      0.13158       3.0213       9.3100      0.93984       96.000       81.000    
 0.44737      0.18421       2.9659       4.6618      0.42128       68.000       79.000    
 0.44737      0.23684       3.0386       4.6781      0.32061       82.000       81.000    
 0.44737      0.28947       2.9781       4.7428      0.41490       69.000       87.000    
 0.44737      0.34211       2.9663       7.0421      0.77645       77.000       93.000    
 0.44737      0.39474       3.0120       4.6787      0.35368       75.000       103.00    
 0.44737      0.44737       3.0143       6.3879      0.70436       81.000       102.00    
 0.44737      0.50000       3.0169       6.3161      0.65215       84.000       91.000    
 0.44737      0.55263       3.0236       4.6784      0.40065       71.000       108.00    
 0.44737      0.60526       2.9797       4.6771      0.33824       79.000       100.00    
 0.44737      0.65789       3.0176       9.3494      0.93139       102.00       94.000    
 0.44737      0.71053       2.9815       4.6950      0.39003       76.000       97.000    
 0.44737      0.76316       2.9866       4.6785      0.36908       73.000       93.000    
 0.44737      0.81579       3.0194       6.9893      0.71340       89.000       105.00    
 0.44737      0.86842       3.0080       4.6787      0.36860       80.000       68.000    
 0.44737      0.92105       3.0257       6.9918      0.72279       89.000       74.000    
 0.44737      0.97368       2.9522       4.6615      0.34134       78.000       81.000    
 0.44737       1.0263       3.0019       4.6615      0.33401       85.000       70.000    
                                                                              
 0.50000      0.26316E-01   3.0039       4.6953      0.34508       81.000       82.000    
 0.50000      0.78947E-01   3.0138       6.9247      0.73414       85.000       79.000    
 0.50000      0.13158       3.0754       4.6790      0.40745       70.000       79.000    
 0.50000      0.18421       3.0183       4.6757      0.31384       86.000       74.000    
 0.50000      0.23684       3.0328       4.6636      0.36869       76.000       103.00    
 0.50000      0.28947       2.9959       9.3125      0.97230       92.000       79.000    
 0.50000      0.34211       2.9940       4.6778      0.35496       78.000       92.000    
 0.50000      0.39474       3.0714       4.6784      0.39758       74.000       98.000    
 0.50000      0.44737       3.0471       7.0710      0.76096       89.000       91.000    
 0.50000      0.50000       3.0148       4.6633      0.33798       79.000       107.00    
 0.50000      0.55263       2.9784       4.6779      0.33121       77.000       100.00    
 0.50000      0.60526       3.0026       4.6618      0.34198       84.000       93.000    
 0.50000      0.65789       2.9908       6.9727      0.77513       84.000       111.00    
 0.50000      0.71053       3.0438       7.1271      0.77943       83.000       101.00    
 0.50000      0.76316       2.9723       6.2034      0.59098       89.000       86.000    
 0.50000      0.81579       2.9987       4.6960      0.32413       83.000       80.000    
 0.50000      0.86842       3.0593       4.6805      0.33860       76.000       85.000    
 0.50000      0.92105       3.0079       4.6614      0.38269       73.000       84.000    
 0.50000      0.97368       2.9691       4.6787      0.36984       70.000       76.000    
 0.50000       1.0263       3.0047       4.6617      0.36889       74.000       72.000    
                                                                              
 0.55263      0.26316E-01   3.0254       6.9915      0.72050       87.000       76.000    
 0.55263      0.78947E-01   3.0084       4.6777      0.38383       73.000       71.000    
 0.55263      0.13158       2.9986       7.0205      0.65894       93.000       80.000    
 0.55263      0.18421       3.0264       6.9751      0.78714       81.000       91.000    
 0.55263      0.23684       2.9675       4.6954      0.39702       69.000       80.000    
 0.55263      0.28947       3.0341       6.9577      0.74450       88.000       97.000    
 0.55263      0.34211       3.0093       7.0588      0.74633       82.000       103.00    
 0.55263      0.39474       3.0160       4.6626      0.33271       77.000       92.000    
 0.55263      0.44737       2.9979       4.6934      0.34567       82.000       91.000    
 0.55263      0.50000       3.0032       4.6948      0.36188       77.000       87.000    
 0.55263      0.55263       3.0238       7.0094      0.74393       88.000       94.000    
 0.55263      0.60526       2.9943       4.6626      0.35099       77.000       84.000    
 0.55263      0.65789       3.0233       7.1099      0.76112       84.000       95.000    
 0.55263      0.71053       2.9975       7.0577      0.74341       85.000       96.000    
 0.55263      0.76316       3.0010       4.6792      0.39528       71.000       88.000    
 0.55263      0.81579       3.0142       4.6789      0.35346       79.000       89.000    
 0.55263      0.86842       2.9930       4.7282      0.38746       78.000       81.000    
 0.55263      0.92105       3.0511       4.6613      0.36642       75.000       73.000    
 0.55263      0.97368       2.9986       7.1100      0.78464       85.000       64.000    
 0.55263       1.0263       2.9910       4.6956      0.34271       82.000       76.000    
                                                                              
 0.60526      0.26316E-01   3.0009       7.1202      0.70764       91.000       66.000    
 0.60526      0.78947E-01   3.0153       4.6953      0.38191       75.000       76.000    
 0.60526      0.13158       2.9874       4.6620      0.38359       67.000       77.000    
 0.60526      0.18421       3.0332       7.0794      0.71642       87.000       86.000    
 0.60526      0.23684       3.0369       4.6618      0.32618       78.000       91.000    
 0.60526      0.28947       3.0288       6.4516      0.69064       81.000       100.00    
 0.60526      0.34211       3.0092       4.6953      0.33210       84.000       90.000    
 0.60526      0.39474       3.0089       4.6611      0.40275       70.000       109.00    
 0.60526      0.44737       3.0164       4.6616      0.33152       80.000       101.00    
 0.60526      0.50000       3.0298       4.6606      0.41112       70.000       116.00    
 0.60526      0.55263       3.0523       7.0427      0.72032       88.000       99.000    
 0.60526      0.60526       2.9845       4.6619      0.40063       69.000       96.000    
 0.60526      0.65789       2.9995       4.6783      0.43052       67.000       99.000    
 0.60526      0.71053       2.9893       4.6954      0.45889       64.000       81.000    
 0.60526      0.76316       3.0156       4.6611      0.33563       79.000       89.000    
 0.60526      0.81579       3.0378       4.6785      0.34300       77.000       97.000    
 0.60526      0.86842       3.0101       4.6624      0.41095       67.000       91.000    
 0.60526      0.92105       2.9919       6.8566      0.71188       86.000       73.000    
 0.60526      0.97368       3.0248       6.5234      0.71393       82.000       79.000    
 0.60526       1.0263       3.0029       9.3261      0.91975       105.00       62.000    
                                                                              
 0.65789      0.26316E-01   3.0345       4.6781      0.43101       67.000       78.000    
 0.65789      0.78947E-01   2.9799       4.6781      0.33513       79.000       78.000    
 0.65789      0.13158       3.0159       4.6769      0.43164       67.000       85.000    
 0.65789      0.18421       3.0078       7.0075      0.74156       85.000       89.000    
 0.65789      0.23684       3.0266       4.6794      0.33618       81.000       79.000    
 0.65789      0.28947       3.0252       4.6952      0.37689       75.000       90.000    
 0.65789      0.34211       3.0246       4.6796      0.35623       77.000       97.000    
 0.65789      0.39474       3.0169       4.6785      0.35205       81.000       96.000    
 0.65789      0.44737       2.9933       4.6619      0.38659       74.000       106.00    
 0.65789      0.50000       3.0554       4.6622      0.33908       79.000       88.000    
 0.65789      0.55263       3.0221       4.6617      0.35040       78.000       97.000    
 0.65789      0.60526       3.0038       4.6962      0.35771       79.000       87.000    
 0.65789      0.65789       3.0355       9.3068      0.95244       95.000       97.000    
 0.65789      0.71053       3.0444       7.0775      0.68995       89.000       104.00    
 0.65789      0.76316       2.9749       4.6618      0.38947       73.000       90.000    
 0.65789      0.81579       3.0187       4.6615      0.35416       79.000       82.000    
 0.65789      0.86842       3.0017       4.6618      0.39192       67.000       93.000    
 0.65789      0.92105       2.9942       7.1924      0.74937       86.000       70.000    
 0.65789      0.97368       3.0538       7.1229      0.79193       78.000       76.000    
 0.65789       1.0263       2.9967       7.1590      0.71765       88.000       67.000    
                                                                              
 0.71053      0.26316E-01   2.9880       4.6929      0.34751       80.000       83.000    
 0.71053      0.78947E-01   3.0293       4.6616      0.45979       64.000       81.000    
 0.71053      0.13158       3.0244       7.1254      0.69963       95.000       85.000    
 0.71053      0.18421       2.9746       6.8404      0.71421       87.000       90.000    
 0.71053      0.23684       2.9876       6.9584      0.74798       82.000       82.000    
 0.71053      0.28947       3.0350       6.7130      0.68681       88.000       96.000    
 0.71053      0.34211       3.0212       4.7288      0.35771       78.000       74.000    
 0.71053      0.39474       3.0092       4.6770      0.34450       80.000       99.000    
 0.71053      0.44737       3.0275       4.6779      0.39368       74.000       97.000    
 0.71053      0.50000       2.9967       6.9856      0.64100       92.000       94.000    
 0.71053      0.55263       3.0386       6.1040      0.64012       82.000       101.00    
 0.71053      0.60526       3.0007       4.7118      0.37374       78.000       98.000    
 0.71053      0.65789       3.0078       7.0471      0.69842       90.000       91.000    
 0.71053      0.71053       2.9928       7.0492      0.68040       94.000       77.000    
 0.71053      0.76316       3.0137       9.3157      0.95225       105.00       89.000    
 0.71053      0.81579       2.9667       7.0935      0.70494       90.000       85.000    
 0.71053      0.86842       3.0021       4.6952      0.32905       82.000       81.000    
 0.71053      0.92105       3.0168       4.6777      0.34684       82.000       78.000    
 0.71053      0.97368       3.0053       4.6787      0.31795       82.000       71.000    
 0.71053       1.0263       3.0248       7.0055      0.70719       89.000       69.000    
                                                                              
 0.76316      0.26316E-01   2.9933       4.6765      0.34595       80.000       78.000    
 0.76316      0.78947E-01   3.0116       7.0910      0.73178       84.000       78.000    
 0.76316      0.13158       3.0084       7.0767      0.74887       85.000       82.000    
 0.76316      0.18421       2.9988       6.1707      0.65673       83.000       88.000    
 0.76316      0.23684       2.9920       4.6772      0.35192       79.000       81.000    
 0.76316      0.28947       2.9822       4.6613      0.36417       73.000       90.000    
 0.76316      0.34211       3.0046       4.6727      0.35782       80.000       82.000    
 0.76316      0.39474       2.9710       7.0407      0.71355       91.000       83.000    
 0.76316      0.44737       2.9953       4.7103      0.39341       78.000       107.00    
 0.76316      0.50000       2.9983       4.6787      0.36600       77.000       99.000    
 0.76316      0.55263       3.0061       7.0790      0.71836       89.000       88.000    
 0.76316      0.60526       3.0220       4.6623      0.46168       64.000       78.000    
 0.76316      0.65789       2.9748       6.9629      0.70023       91.000       100.00    
 0.76316      0.71053       3.0223       9.6012      0.94030       104.00       78.000    
 0.76316      0.76316       3.0084       4.6947      0.33465       80.000       101.00    
 0.76316      0.81579       2.9816       6.2091      0.70318       78.000       78.000    
 0.76316      0.86842       3.0313       9.3060      0.93728       97.000       94.000    
 0.76316      0.92105       3.0196       7.0090      0.69555       94.000       83.000    
 0.76316      0.97368       3.0095       4.6615      0.35411       80.000       69.000    
 0.76316       1.0263       3.0116       4.7129      0.36419       76.000       71.000    
                                                                              
 0.81579      0.26316E-01   3.0305       4.6624      0.33698       82.000       73.000    
 0.81579      0.78947E-01   3.0065       4.6613      0.33930       82.000       75.000    
 0.81579      0.13158       2.9860       4.6789      0.38743       70.000       91.000    
 0.81579      0.18421       3.0069       7.0431      0.69992       92.000       81.000    
 0.81579      0.23684       2.9925       4.6767      0.32602       81.000       68.000    
 0.81579      0.28947       2.9983       4.7125      0.41532       67.000       78.000    
 0.81579      0.34211       3.0096       4.6792      0.40865       68.000       91.000    
 0.81579      0.39474       3.0109       7.2932      0.75157       92.000       97.000    
 0.81579      0.44737       3.0220       6.9176      0.78459       81.000       69.000    
 0.81579      0.50000       3.0179       4.7283      0.40481       73.000       97.000    
 0.81579      0.55263       3.0027       4.6620      0.35273       78.000       94.000    
 0.81579      0.60526       3.0071       7.0598      0.74689       85.000       85.000    
 0.81579      0.65789       3.0131       4.6788      0.35550       78.000       92.000    
 0.81579      0.71053       3.0013       4.6765      0.35553       78.000       85.000    
 0.81579      0.76316       2.9965       4.6781      0.38978       75.000       71.000    
 0.81579      0.81579       3.0422       4.6785      0.41646       67.000       91.000    
 0.81579      0.86842       3.0062       4.6615      0.37541       73.000       66.000    
 0.81579      0.92105       3.0274       9.3274      0.95487       97.000       88.000    
 0.81579      0.97368       3.0536       7.0915      0.65404       93.000       66.000    
 0.81579       1.0263       3.0097       4.6615      0.33806       79.000       54.000    
                                                                              
 0.86842      0.26316E-01   2.9784       7.1900      0.78140       89.000       71.000    
 0.86842      0.78947E-01   2.9921       9.3104      0.92606       98.000       73.000    
 0.86842      0.13158       3.0118       4.6825      0.38576       73.000       73.000    
 0.86842      0.18421       3.0042       4.6603      0.41688       71.000       81.000    
 0.86842      0.23684       3.0310       4.7124      0.43416       70.000       60.000    
 0.86842      0.28947       3.0382       4.6944      0.37739       73.000       81.000    
 0.86842      0.34211       3.0349       4.6612      0.34467       78.000       81.000    
 0.86842      0.39474       3.0291       4.6616      0.40018       75.000       93.000    
 0.86842      0.44737       3.0285       4.6614      0.45831       60.000       89.000    
 0.86842      0.50000       3.0159       4.6946      0.33239       84.000       73.000    
 0.86842      0.55263       2.9934       4.6617      0.33773       80.000       98.000    
 0.86842      0.60526       2.9388       7.0526      0.76980       83.000       88.000    
 0.86842      0.65789       3.0012       4.6616      0.31349       85.000       85.000    
 0.86842      0.71053       3.0130       4.6772      0.34655       78.000       86.000    
 0.86842      0.76316       3.0063       4.6792      0.38377       69.000       71.000    
 0.86842      0.81579       3.0364       4.6784      0.36023       74.000       74.000    
 0.86842      0.86842       3.0236       4.6620      0.37322       75.000       72.000    
 0.86842      0.92105       3.0182       6.9849      0.69236       85.000       68.000    
 0.86842      0.97368       3.0461       7.0663      0.70066       91.000       66.000    
 0.86842       1.0263       3.0653       6.9917      0.78401       79.000       59.000    
                                                                              
 0.92105      0.26316E-01   3.0160       4.6600      0.37544       76.000       62.000    
 0.92105      0.78947E-01   2.9773       4.6789      0.32114       86.000       68.000    
 0.92105      0.13158       2.9926       4.6804      0.47478       56.000       54.000    
 0.92105      0.18421       2.9768       6.9916      0.76603       84.000       67.000    
 0.92105      0.23684       3.0053       4.7098      0.36766       76.000       80.000    
 0.92105      0.28947       2.9847       4.6571      0.41409       67.000       87.000    
 0.92105      0.34211       3.0166       6.2342      0.66071       84.000       91.000    
 0.92105      0.39474       3.0229       4.6836      0.41253       70.000       91.000    
 0.92105      0.44737       3.0164       4.6785      0.36726       78.000       85.000    
 0.92105      0.50000       2.9789       6.8580      0.71036       84.000       92.000    
 0.92105      0.55263       3.0166       4.6620      0.32741       82.000       81.000    
 0.92105      0.60526       2.9996       6.9732      0.71068       90.000       98.000    
 0.92105      0.65789       3.0081       4.6789      0.40291       71.000       73.000    
 0.92105      0.71053       3.0270       7.1211      0.73764       88.000       85.000    
 0.92105      0.76316       2.9991       4.6774      0.36631       77.000       65.000    
 0.92105      0.81579       3.0026       4.6782      0.38551       76.000       82.000    
 0.92105      0.86842       2.9857       4.7118      0.38301       78.000       62.000    
 0.92105      0.92105       3.0039       4.6618      0.34623       75.000       82.000    
 0.92105      0.97368       3.0286       4.6609      0.35926       78.000       66.000    
 0.92105       1.0263       3.0248       4.6614      0.40754       69.000       66.000    
                                                                              
 0.97368      0.26316E-01   3.0192       4.6610      0.33399       82.000       63.000    
 0.97368      0.78947E-01   3.0111       4.6623      0.36438       83.000       55.000    
 0.97368      0.13158       3.0129       4.6803      0.36224       74.000       64.000    
 0.97368      0.18421       2.9713       4.6787      0.35271       77.000       72.000    
 0.97368      0.23684       3.0107       9.3245      0.97395       93.000       72.000    
 0.97368      0.28947       3.0389       4.6627      0.36146       77.000       68.000    
 0.97368      0.34211       3.0276       4.6615      0.38869       72.000       79.000    
 0.97368      0.39474       3.0055       4.6625      0.36339       74.000       69.000    
 0.97368      0.44737       3.0411       4.6618      0.41371       67.000       67.000    
 0.97368      0.50000       3.0183       7.1241      0.74643       89.000       68.000    
 0.97368      0.55263       3.0169       4.6621      0.35984       76.000       63.000    
 0.97368      0.60526       3.0137       4.6787      0.33997       77.000       75.000    
 0.97368      0.65789       3.0272       4.6788      0.35036       78.000       76.000    
 0.97368      0.71053       3.0053       4.6603      0.47105       64.000       75.000    
 0.97368      0.76316       3.0116       4.6618      0.36879       74.000       76.000    
 0.97368      0.81579       3.0257       7.0385      0.74316       87.000       70.000    
 0.97368      0.86842       3.0263       4.6617      0.39243       70.000       72.000    
 0.97368      0.92105       2.9909       4.6621      0.34313       77.000       64.000    
 0.97368      0.97368       3.0217       9.3453      0.93327       99.000       78.000    
 0.97368       1.0263       3.0333       4.7130      0.33977       82.000       55.000    
                                                                              
  1.0263      0.26316E-01   3.0050       6.9745      0.76764       83.000       67.000    
  1.0263      0.78947E-01   2.9721       4.6789      0.32753       80.000       43.000    
  1.0263      0.13158       3.0161       9.3245      0.98063       94.000       64.000    
  1.0263      0.18421       3.0002       4.6782      0.41111       71.000       70.000    
  1.0263      0.23684       3.0141       6.0919      0.62790       84.000       68.000    
  1.0263      0.28947       2.9973       6.9591      0.72422       87.000       70.000    
  1.0263      0.34211       3.0082       6.1389      0.68007       81.000       61.000    
  1.0263      0.39474       2.9834       4.6608      0.35687       75.000       64.000    
  1.0263      0.44737       3.0075       6.3727      0.69064       82.000       62.000    
  1.0263      0.50000       3.0138       4.6788      0.39185       72.000       61.000    
  1.0263      0.55263       3.0362       4.6618      0.38111       74.000       76.000    
  1.0263      0.60526       2.9971       4.6618      0.36702       76.000       71.000    
  1.0263      0.65789       3.0113       6.3120      0.63510       90.000       65.000    
  1.0263      0.71053       2.9933       4.6643      0.35935       76.000       75.000    
  1.0263      0.76316       3.0036       9.3229      0.91346       102.00       74.000    
  1.0263      0.81579       3.0008       6.9334      0.77380       78.000       69.000    
  1.0263      0.86842       3.0154       4.6952      0.36938       72.000       51.000    
  1.0263      0.92105       2.9897       4.6614      0.33008       82.000       53.000    
  1.0263      0.97368       3.0378       6.9861      0.77358       80.000       72.000    
  1.0263       1.0263       3.0073       7.1760      0.73949       88.000       58.000    
                                                                              
